function [ Distance_Cal, h ] = topology()
 
% Here we consider a simple network scenario, where the matrix data
% represent the distance between two nodes in Fig. 1: A Toy Example of our
% work. 
% Dedend on the channel model, the path loss may vary

unk = 500;
% N_Dimensions = N_BSs + N_Flow;
% Distance_Cal = zeros(N_Dimensions,N_Dimensions); % transmiter (row) and receiver (columnns)

%                  0    1   2   3   4   5   6    7    8   
 Distance_Cal = [  0    20  100 60  150 20  80  200  220        % 0 MBS
                   0    0   30  unk  unk unk  unk  unk  unk     % 1 SC1
                   0    0   0   unk  unk unk  unk  30   70      % 2 SC2
                   0    0   0   0    60  unk  unk  unk  unk     % 3 SC3
                   0    0   0   0    0   unk  unk  80   60      % 4 SC4
                   0    0   0   0    0   0    unk  80   30      % 5 SC5
                   0    0   0   0    0   0    0    40   45      % 6 SC6
                   0    0   0   0    0   0    0    0    unk     % 7 UE1
                   0    0   0   0    0   0    0    0    0    ]; % 8 UE2
               
                   
  h = [0.537667139546100 + 1.83388501459509i -2.25884686100365 + 0.862173320368121i 0.318765239858981 - 1.30768829630527i -0.433592022305684 + 0.342624466538650i 3.57839693972576 + 2.76943702988488i -1.34988694015652 + 3.03492346633185i 0.725404224946106 - 0.0630548731896562i 0.714742903826096 - 0.204966058299775i -0.124144348216312 + 1.48969760778547i;1.40903448980048 + 1.41719241342961i 0.671497133608081 - 1.20748692268504i 0.717238651328839 + 1.63023528916473i 0.488893770311789 + 1.03469300991786i 0.726885133383238 - 0.303440924786016i 0.293871467096658 - 0.787282803758638i 0.888395631757642 - 1.14707010696915i -1.06887045816803 - 0.809498694424876i -2.94428416199490 + 1.43838029281510i;0.325190539456198 - 0.754928319169703i 1.37029854009523 - 1.71151641885370i -0.102242446085491 - 0.241447041607358i 0.319206739165502 + 0.312858596637428i -0.864879917324457 - 0.0300512961962686i -0.164879019209038 + 0.627707287528727i 1.09326566903948 + 1.10927329761440i -0.863652821988714 + 0.0773590911304249i -1.21411704361541 - 1.11350074148676i;-0.00684932810334806 + 1.53263030828475i -0.769665913753682 + 0.371378812760058i -0.225584402271252 + 1.11735613881447i -1.08906429505224 + 0.0325574641649735i 0.552527021112224 + 1.10061021788087i 1.54421189550395 + 0.0859311331754255i -1.49159031063761 - 0.742301837259857i -1.06158173331999 + 2.35045722400204i -0.615601881466894 + 0.748076783703985i;-0.192418510588264 + 0.888610425420721i -0.764849236567874 - 1.40226896933876i -1.42237592509150 + 0.488193909859941i -0.177375156618825 - 0.196053487807333i 1.41931015064255 + 0.291584373984183i 0.197811053464361 + 1.58769908997406i -0.804465956349547 + 0.696624415849607i 0.835088165072682 - 0.243715140377952i 0.215670086403744 - 1.16584393148205i;-1.14795277889859 + 0.104874716016494i 0.722254032225002 + 2.58549125261624i -0.666890670701386 + 0.187331024578940i -0.0824944253709554 - 1.93302291785099i -0.438966153934773 - 1.79467884145512i 0.840375529753905 - 0.888032082329010i 0.100092833139322 - 0.544528929990548i 0.303520794649354 - 0.600326562133734i 0.489965321173948 + 0.739363123604474i;1.71188778298155 - 0.194123535758265i -2.13835526943994 - 0.839588747336614i 1.35459432800464 - 1.07215528838425i 0.960953869740567 + 0.124049800003193i 1.43669662271894 - 1.96089999936503i -0.197698225974150 - 1.20784548525980i 2.90800803072936 + 0.825218894228491i 1.37897197791661 - 1.05818025798736i -0.468615581100624 - 0.272469409250188i;1.09842461788862 - 0.277871932787639i 0.701541458163284 - 2.05181629991115i -0.353849997774433 - 0.823586525156853i -1.57705702279920 + 0.507974650905946i 0.281984063670556 + 0.0334798822444514i -1.33367794342811 + 1.12749227834159i 0.350179410603312 - 0.299066030332982i 0.0228897927516298 - 0.261995434966092i -1.75021236844679 - 0.285650971595330i;-0.831366511567624 - 0.979206305167302i -1.15640165566400 - 0.533557109315987i -2.00263573588306 + 0.964229422631628i 0.520060101455458 - 0.0200278516425381i -0.0347710860284830 - 0.798163584564142i 1.01868528212858 - 0.133217479507735i -0.714530163787158 + 1.35138576842666i -0.224771056052584 - 0.589029030720801i -0.293753597735416 - 0.847926243637934i];

% global N_BSs % the number of SC BSs
% global N_Flow % number of flows 
% N_Dimensions = N_BSs + N_Flow;

% H = zeros(N_Dimensions,N_Dimensions); % transmiter (row) and receiver (columnns)
% for n = 1:N_Dimensions
%     for m= 1:N_Dimensions
%         H(n,m) = (randn + 1i*randn);
%     end
% end


end

